2.07 2.04 1.93 2.14 2.04 2.25 2.26 2.58 2.5 2.33 2.54 2.56 2.76 2.7 2.59 2.58 2.64 2.76 3.01 2.53
2.04 1.89 2.15 1.91 2.11 2.17 2.1 2.33 2.17 2.37 2.65 2.71 2.53 2.75 2.82 2.62 2.52 2.6 2.73 2.77
1.93 2.15 2.12 2.06 2.08 2.35 2.5 2.45 2.82 2.12 2.47 2.58 2.59 2.76 2.7 2.55 2.88 2.68 2.93 2.7
2.14 1.91 2.06 2.38 2.19 1.67 2.53 2.21 3.32 2.59 2.53 2.53 2 2.65 2.8 2.48 2.42 2.77 2.99 2.34
2.04 2.11 2.08 2.19 2.04 2.26 2.39 2.35 2.52 2.23 2.58 2.49 2.42 2.63 2.57 2.51 2.83 2.67 2.91 2.77
2.25 2.17 2.35 1.67 2.26 2.22 2.42 2.29 2.21 2.25 2.55 2.51 2.05 2.18 2.41 2.68 2.41 2.62 2.58 2.56
2.26 2.1 2.5 2.53 2.39 2.42 1.28 2.38 2.14 2.34 2.52 2.26 2.33 2.58 2.38 2.31 2.47 3.02 2.37 3.05
2.58 2.33 2.45 2.21 2.35 2.29 2.38 2.27 1.99 2.42 2.47 2.47 2 2.08 2.13 2.42 2.14 2.23 2.33 2.13
2.5 2.17 2.82 3.32 2.52 2.21 2.14 1.99 2.04 2.68 2.14 2.53 2.13 2.21 2.31 2.28 2.1 1.88 1.94 2.55
2.33 2.37 2.12 2.59 2.23 2.25 2.34 2.42 2.68 2.21 2.25 2.27 2.44 2.78 2.41 2.28 2.62 2.59 2.46 2.49
2.54 2.65 2.47 2.53 2.58 2.55 2.52 2.47 2.14 2.25 2.36 2.07 2.27 1.99 2.2 2.26 2.23 2.33 2.05 2.25
2.56 2.71 2.58 2.53 2.49 2.51 2.26 2.47 2.53 2.27 2.07 1.95 2.23 2.3 2.27 2.17 2.2 2.58 2.11 2.45
2.76 2.53 2.59 2 2.42 2.05 2.33 2 2.13 2.44 2.27 2.23 2.6 1.96 1.91 2.35 2.16 2.23 2.37 2.45
2.7 2.75 2.76 2.65 2.63 2.18 2.58 2.08 2.21 2.78 1.99 2.3 1.96 2.45 1.82 2.51 2.21 1.59 1.61 3.09
2.59 2.82 2.7 2.8 2.57 2.41 2.38 2.13 2.31 2.41 2.2 2.27 1.91 1.82 2.61 2.19 2.09 2.16 2.16 1.96
2.58 2.62 2.55 2.48 2.51 2.68 2.31 2.42 2.28 2.28 2.26 2.17 2.35 2.51 2.19 2.14 2.2 2.07 2.02 2.21
2.64 2.52 2.88 2.42 2.83 2.41 2.47 2.14 2.1 2.62 2.23 2.2 2.16 2.21 2.09 2.2 1.81 2.01 2.04 2.02
2.76 2.6 2.68 2.77 2.67 2.62 3.02 2.23 1.88 2.59 2.33 2.58 2.23 1.59 2.16 2.07 2.01 2.3 2.18 1.37
3.01 2.73 2.93 2.99 2.91 2.58 2.37 2.33 1.94 2.46 2.05 2.11 2.37 1.61 2.16 2.02 2.04 2.18 2.38 1.58
2.53 2.77 2.7 2.34 2.77 2.56 3.05 2.13 2.55 2.49 2.25 2.45 2.45 3.09 1.96 2.21 2.02 1.37 1.58 2.59