-7.37 -7.28 -7.04 -6.41 -6.48 -6.14 -5.83 -5.67 -4.54 -4.91 -4.34 -4.16 -4.2 -4.03 -4.04 -3.92 -3.74 -3.59 -3.4 -3.37
-7.28 -7.26 -6.84 -6.56 -6.29 -6.16 -5.8 -5.66 -4.77 -4.81 -4.28 -4.13 -4.25 -3.98 -4.1 -4.02 -3.75 -3.56 -3.48 -3.36
-7.04 -6.84 -6.54 -6.02 -6.05 -5.78 -5.5 -5.25 -4.14 -4.58 -4.03 -3.78 -3.76 -3.63 -3.67 -3.52 -3.24 -3.27 -3.17 -3.01
-6.41 -6.56 -6.02 -5.46 -5.32 -5.55 -4.99 -4.91 -3.98 -3.94 -3.51 -3.39 -3.45 -3.12 -3.3 -3.03 -2.95 -2.89 -2.57 -2.48
-6.48 -6.29 -6.05 -5.32 -5.52 -5.18 -4.96 -4.62 -3.58 -4.04 -3.46 -3.38 -3.32 -3.07 -3.07 -3.05 -2.83 -2.67 -2.48 -2.49
-6.14 -6.16 -5.78 -5.55 -5.18 -5.06 -4.95 -4.66 -3.98 -3.82 -3.22 -3.42 -3.73 -3.41 -3.11 -2.99 -3.07 -2.99 -2.84 -2.69
-5.83 -5.8 -5.5 -4.99 -4.96 -4.95 -5.44 -4.16 -3.6 -3.57 -3.11 -3.16 -3.07 -2.57 -2.85 -2.86 -2.59 -2.27 -2.41 -1.95
-5.67 -5.66 -5.25 -4.91 -4.62 -4.66 -4.16 -4.17 -3.52 -3.36 -3.01 -3.01 -3.19 -3.16 -2.97 -2.78 -2.76 -2.79 -2.76 -2.6
-4.54 -4.77 -4.14 -3.98 -3.58 -3.98 -3.6 -3.52 -3.05 -2.41 -2.42 -2.15 -2.25 -2.16 -1.98 -2.11 -2.08 -2.15 -2.32 -1.35
-4.91 -4.81 -4.58 -3.94 -4.04 -3.82 -3.57 -3.36 -2.41 -2.72 -2.32 -2.31 -2.03 -1.83 -1.89 -2.01 -1.84 -1.51 -1.7 -1.31
-4.34 -4.28 -4.03 -3.51 -3.46 -3.22 -3.11 -3.01 -2.42 -2.32 -2.12 -2.08 -1.9 -1.9 -1.9 -1.96 -1.88 -1.74 -1.8 -1.31
-4.16 -4.13 -3.78 -3.39 -3.38 -3.42 -3.16 -3.01 -2.15 -2.31 -2.08 -2.24 -1.87 -1.72 -1.66 -1.82 -1.74 -1.22 -1.59 -1.15
-4.2 -4.25 -3.76 -3.45 -3.32 -3.73 -3.07 -3.19 -2.25 -2.03 -1.9 -1.87 -1.75 -1.7 -1.73 -1.57 -1.53 -1.26 -1.33 -0.97
-4.03 -3.98 -3.63 -3.12 -3.07 -3.41 -2.57 -3.16 -2.16 -1.83 -1.9 -1.72 -1.7 -1.55 -1.8 -1.62 -1.64 -2.27 -2.29 -0.59
-4.04 -4.1 -3.67 -3.3 -3.07 -3.11 -2.85 -2.97 -1.98 -1.89 -1.9 -1.66 -1.73 -1.8 -1.54 -1.49 -1.71 -1.42 -1.46 -1.29
-3.92 -4.02 -3.52 -3.03 -3.05 -2.99 -2.86 -2.78 -2.11 -2.01 -1.96 -1.82 -1.57 -1.62 -1.49 -1.67 -1.58 -1.48 -1.63 -1.05
-3.74 -3.75 -3.24 -2.95 -2.83 -3.07 -2.59 -2.76 -2.08 -1.84 -1.88 -1.74 -1.53 -1.64 -1.71 -1.58 -1.68 -1.51 -1.68 -1.21
-3.59 -3.56 -3.27 -2.89 -2.67 -2.99 -2.27 -2.79 -2.15 -1.51 -1.74 -1.22 -1.26 -2.27 -1.42 -1.48 -1.51 -0.91 -1.02 -1.8
-3.4 -3.48 -3.17 -2.57 -2.48 -2.84 -2.41 -2.76 -2.32 -1.7 -1.8 -1.59 -1.33 -2.29 -1.46 -1.63 -1.68 -1.02 -1.21 -1.68
-3.37 -3.36 -3.01 -2.48 -2.49 -2.69 -1.95 -2.6 -1.35 -1.31 -1.31 -1.15 -0.97 -0.59 -1.29 -1.05 -1.21 -1.8 -1.68 -0.12